"boxonly"
0
0
0
0
0
0
0
0
0
0
0
0
0
0
0
0
0
0
0
0
0
0
0
0
0
0
0
0
0
0
0
0
0
0
0
0
0
0
0
0
0
0
0
0
0
0
0
0
0
0
0
0
0
0
0
0
0
0
0
0
0
0
0
0
0
0
0
0
0
0
0
0
0
0
0
0
0
0
0
0
0
0
0
0
0
0
0
0
0
0
0
0
0
0
0
0
0
0
0
0
0
0
0
0
0
0
0
0
0
0
0
0
0
0
0
0
0
0
0
0
0
0
0
0
0
0
0
0
0
0
0
0
0
0
0
0
0
0
0
0
0
0
0
0
0
0
0
0
0
0
0
0
0
0
0
0
271
268
264
271
251
295
298
312
292
264
237
291
281
267
"cib"
0
0
0
0
0
0
0
0
0
0
0
0
0
0
0
0
0
0
0
0
0
0
0
0
0
0
0
0
0
0
0
0
0
0
0
0
0
0
0
0
0
0
0
0
0
0
0
0
0
0
0
0
0
0
0
0
0
0
0
0
0
0
0
499
347
347
449
499
499
499
449
449
399
399
307
499
399
297
398
297
297
795
795
795
795
644
499
572
572
341
649
649
247
247
525
425
425
799
490
490
490
1499
1499
1499
1499
550
550
416
213
213
599
697
595
699
635
515
515
635
515
576
509
509
507
507
525
576
560
561
560
613
603
588
596
599
585
592
567
596
596
550
556
556
483
483
520
520
534
580
472
472
483
499
500
549
549
613
695
642
659
697
623
750
743
771
706
567
600
747
661
622
"graded"
0
0
0
0
0
0
0
0
0
0
0
0
0
0
0
0
0
0
0
0
0
0
0
0
0
0
0
0
0
0
0
0
0
0
0
0
0
0
0
0
0
0
0
0
0
0
0
0
0
0
0
0
0
0
0
0
0
0
0
0
0
0
0
0
0
0
0
0
0
0
0
0
0
0
0
0
0
0
0
0
0
0
0
0
0
0
0
0
0
0
0
0
0
0
0
0
0
0
0
0
0
0
0
0
0
0
0
0
0
0
0
0
0
0
0
0
0
0
0
0
0
0
0
0
0
0
0
0
0
0
0
0
0
0
0
0
0
0
0
0
0
0
0
0
0
0
0
0
0
0
0
0
0
0
0
0
0
0
0
0
0
0
0
0
0
0
0
0
0
"manualonly"
0
0
0
0
0
0
0
0
0
0
0
0
0
0
0
0
0
0
0
0
0
0
0
0
0
0
0
0
0
0
0
0
0
0
0
0
0
0
0
0
0
0
0
0
0
0
0
0
0
0
0
0
0
0
0
0
0
0
0
0
0
0
0
0
0
0
0
0
0
0
0
0
0
0
0
0
0
0
0
0
0
0
0
0
0
0
0
0
0
0
0
0
0
0
0
0
0
0
0
0
0
0
0
0
0
0
0
0
0
0
0
0
0
0
0
0
0
0
0
0
0
0
0
0
0
0
0
0
0
0
0
0
0
0
0
0
0
0
0
0
0
0
0
0
0
0
0
0
0
0
0
0
0
0
0
0
169
168
165
169
157
185
187
196
182
166
148
182
176
167
"new"
0
0
0
0
0
0
0
0
0
0
0
0
0
0
0
0
0
0
0
0
0
0
0
0
0
0
0
0
0
0
0
627
660
660
200
698
399
399
399
699
695
695
695
708
787
759
722
658
630
500
500
578
573
640
857
834
834
769
764
473
473
473
550
540
395
1250
775
775
800
800
853
669
700
1050
900
900
900
1399
850
1002
1389
1379
799
263
263
500
401
401
500
563
797
625
625
711
797
1379
1399
1399
1399
1399
1399
1399
1448
1448
1448
1250
1250
1880
1880
1880
1880
1880
1880
1880
1880
1880
1880
1448
1448
1200
1178
996
912
811
799
799
799
799
799
799
799
799
799
876
971
959
950
949
949
921
919
837
866
815
809
920
1031
1023
1152
1211
1160
1159
993
998
981
1012
1030
1041
1452
1452
1372
1350
1337
1329
1427
1256
1495
1477
1477
1477
"used"
399
400
429
347
288
287
255
250
200
199
150
200
200
200
200
199
199
150
199
345
345
272
149
199
199
198
198
200
162
200
200
245
99
300
99
175
64
99
99
99
200
213
350
323
322
324
324
253
244
142
112
88
99
87
91
99
150
178
128
90
112
87
128
150
134
147
160
180
269
258
225
225
212
199
199
199
199
495
200
180
195
200
168
339
499
324
324
300
300
244
310
310
398
398
449
499
199
199
100
199
199
150
649
209
540
480
99
399
587
587
222
247
247
247
247
247
247
222
222
278
289
309
311
316
298
296
296
295
295
295
307
307
307
351
351
351
351
351
351
351
351
351
301
307
311
291
291
327
338
345
349
361
361
363
363
376
375
417
470
479
477
492
492
492
491
499
499
497
497
599

